[2023-11-08 23:32:15,095, DEBUG] : 
	epoch:0
	step:4
	learning_rate:2.5591810620601407e-08
	loss:6.760265350341797
	acc:0.09375
	time:8

[2023-11-08 23:32:21,323, DEBUG] : 
	epoch:0
	step:9
	learning_rate:5.758157389635317e-08
	loss:5.857533931732178
	acc:0.125
	time:14

[2023-11-09 02:01:07,794, DEBUG] : 
	epoch:0
	step:4
	learning_rate:2.5591810620601407e-08
	loss:7.414802551269531
	acc:0.0625
	time:31
	Layer_0:0.05232818677278829
	Layer_1:0.03427317319206299
	Layer_2:0.02186711934338287
	Layer_3:0.028386108235868245
	Layer_4:0.07314890492685056
	Layer_5:0.0429983684654399
	Embedding_singular:22

[2023-11-09 02:01:38,607, DEBUG] : 
	epoch:0
	step:9
	learning_rate:5.758157389635317e-08
	loss:6.160030364990234
	acc:0.09375
	time:62
	Layer_0:0.02950033310437002
	Layer_1:0.0630580196063553
	Layer_2:0.03432841159170022
	Layer_3:0.05466481515643471
	Layer_4:0.09681085725484381
	Layer_5:0.09765878875806319
	Embedding_singular:31

